       0           0         100     14.0478           0     316.215     316.215   -6.73073e-15   -8.46025e-15   -8.46025e-15
     100         0.2     100.142     10.6745     -914.21     316.663    -597.547    4.85723e-15    2.79464e-15    2.79464e-15
     200         0.4     99.8634   -0.967439    -903.336     315.783    -587.553   -1.88573e-14    2.43555e-15    2.43555e-15
     300         0.6     99.9255    -2.57865     -894.32     315.979     -578.34   -1.34406e-14    2.32527e-14    2.32527e-14
     400         0.8     99.9835     4.84569    -875.506     316.163    -559.343   -1.40213e-14    2.74676e-14    2.74676e-14
     500           1     100.092     9.47851    -876.539     316.506    -560.034   -1.19522e-14    2.54623e-14    2.54623e-14
     600         1.2     100.307    -4.15842    -897.297     317.186    -580.111   -5.44703e-15    1.99285e-14    1.99285e-14
     700         1.4     99.9039    -1.33089    -888.282     315.911    -572.371    1.00224e-14    2.85835e-14    2.85835e-14
     800         1.6     100.056   -0.686932    -876.412     316.391    -560.021   -5.09488e-15    3.86384e-14    3.86384e-14
     900         1.8      99.844    -7.57981    -885.583     315.722    -569.861   -2.99934e-15    4.00374e-14    4.00374e-14
    1000           2     99.9939     7.33618    -869.854     316.196    -553.658   -1.19063e-14    4.57013e-14    4.57013e-14
    1100         2.2     100.064     5.01548    -874.827     316.417     -558.41   -8.77293e-15    4.05362e-14    4.05362e-14
    1200         2.4     99.8791     11.1974    -873.468     315.833    -557.636   -1.99346e-14    4.89192e-14    4.89192e-14
    1300         2.6     100.076    -12.2825    -894.273     316.455    -577.818   -2.88831e-14    5.71262e-14    5.71262e-14
    1400         2.8     99.9714    0.910015     -870.24     316.124    -554.116   -2.33546e-14    7.09988e-14    7.09988e-14
    1500           3     100.174     11.7861    -867.976     316.767    -551.209   -2.28801e-14    7.71982e-14    7.71982e-14
    1600         3.2     99.9441     12.8527    -874.743     316.038    -558.705   -3.29129e-14    8.39476e-14    8.39476e-14
    1700         3.4     100.054     17.2704     -855.26     316.387    -538.873   -2.87027e-14    8.02969e-14    8.02969e-14
    1800         3.6     100.067     1.33692    -891.137     316.427    -574.711   -2.59862e-14    8.91431e-14    8.91431e-14
    1900         3.8     100.074      16.863     -861.59      316.45    -545.139   -2.25549e-14    1.02302e-13    1.02302e-13
    2000           4      100.13    -3.07136    -890.988     316.627    -574.361   -1.71911e-14    8.61394e-14    8.61394e-14
    2100         4.2     100.116     15.2586    -866.695     316.582    -550.113    -1.9821e-14    8.20559e-14    8.20559e-14
    2200         4.4       100.2     20.5506     -866.45     316.847    -549.603    -4.0766e-15    8.74118e-14    8.74118e-14
    2300         4.6     100.028     6.05832    -887.041     316.303    -570.738   -6.19817e-15    9.82669e-14    9.82669e-14
    2400         4.8     100.133     6.91738    -885.389     316.637    -568.752   -2.27726e-14    1.01613e-13    1.01613e-13
    2500           5     99.8502     4.71926    -876.568     315.741    -560.826   -2.30423e-14    8.29575e-14    8.29575e-14
    2600         5.2     100.052    0.114171    -878.797      316.38    -562.417   -2.60538e-14    7.94486e-14    7.94486e-14
    2700         5.4     99.9448    -5.08541    -880.935      316.04    -564.895   -2.46123e-14    7.10144e-14    7.10144e-14
    2800         5.6      100.04   -0.110807    -880.666     316.343    -564.324   -3.29736e-14    7.14741e-14    7.14741e-14
    2900         5.8     99.8701      6.0677    -875.145     315.804    -559.341   -2.01245e-14    7.04662e-14    7.04662e-14
    3000           6     100.107    0.937987    -888.144     316.553    -571.591   -1.29696e-14    5.23028e-14    5.23028e-14
    3100         6.2     99.8967    -3.29752    -895.527     315.888    -579.638    -1.5838e-15    6.46072e-14    6.46072e-14
    3200         6.4     99.9707    -1.03121    -885.559     316.122    -569.436    -1.9082e-17    5.87603e-14    5.87603e-14
    3300         6.6     100.004     10.0792    -869.833     316.227    -553.605    8.51142e-15    5.97317e-14    5.97317e-14
    3400         6.8     100.047    -4.77919    -886.717     316.363    -570.353    2.22964e-14     6.3098e-14     6.3098e-14
    3500           7     100.057    -4.94067    -881.809     316.394    -565.415    3.10273e-14    6.23416e-14    6.23416e-14
    3600         7.2     99.7655     5.95368     -873.02     315.473    -557.546    3.25942e-14    5.85903e-14    5.85903e-14
    3700         7.4     99.9971     4.19608    -873.795     316.206    -557.589    3.57049e-14    4.47173e-14    4.47173e-14
    3800         7.6     99.7944    -4.30091    -886.501     315.565    -570.936    3.06768e-14    5.90821e-14    5.90821e-14
    3900         7.8     99.8117     1.09341     -887.68      315.62    -572.061    3.51327e-14     4.6213e-14     4.6213e-14
    4000           8      99.858      7.8757    -877.132     315.766    -561.366       1.95e-14    6.48474e-14    6.48474e-14
    4100         8.2     100.037     2.82739    -875.864     316.331    -559.532    4.38885e-16    7.52931e-14    7.52931e-14
    4200         8.4     99.8099  -0.0115377    -879.401     315.614    -563.788   -1.70905e-14    6.79422e-14    6.79422e-14
    4300         8.6     100.098     3.73003    -865.173     316.526    -548.647    -1.6247e-14    7.24559e-14    7.24559e-14
    4400         8.8     100.062    -6.98191    -882.406      316.41    -565.996   -1.70957e-14     6.8506e-14     6.8506e-14
    4500           9     99.9187    0.224958    -877.369     315.958    -561.411    -1.5439e-15    6.28837e-14    6.28837e-14
    4600         9.2     99.9938     11.2144    -869.397     316.195    -553.202    2.51882e-15     6.9398e-14     6.9398e-14
    4700         9.4     99.8597     11.7648    -872.985     315.771    -557.213    2.19477e-14    1.01224e-13    1.01224e-13
    4800         9.6     100.001     4.49341    -880.031     316.217    -563.814     3.2984e-14    1.00205e-13    1.00205e-13
    4900         9.8     99.9744    -5.08903    -882.142     316.134    -566.008     3.9295e-14    9.13852e-14    9.13852e-14
    5000          10     100.101     2.90781    -875.785     316.533    -559.252    3.42261e-14    1.05062e-13    1.05062e-13
    5100        10.2     99.8928    -6.63931    -887.428     315.876    -571.552    2.24907e-14    9.71306e-14    9.71306e-14
    5200        10.4      99.739   -0.533165    -882.279      315.39    -566.889    2.18089e-14    9.21468e-14    9.21468e-14
    5300        10.6     99.9476     7.91343    -867.984     316.049    -551.935    1.90438e-14    9.64766e-14    9.64766e-14
    5400        10.8     100.124     3.81419    -872.208     316.607    -555.602   -8.55652e-15    1.09322e-13    1.09322e-13
    5500          11     100.045     2.46689     -874.54     316.356    -558.184   -6.22072e-15     1.0382e-13     1.0382e-13
    5600        11.2     99.9692      11.752    -875.588     316.118    -559.471   -1.53822e-14    1.02731e-13    1.02731e-13
    5700        11.4     100.053     4.95276    -881.282     316.384    -564.899   -5.19029e-15    1.00965e-13    1.00965e-13
    5800        11.6     100.077    -5.29593    -887.557     316.459    -571.097    -6.0724e-15    1.12641e-13    1.12641e-13
    5900        11.8     99.9749    -8.37577    -881.797     316.136    -565.661    1.10936e-14    1.11943e-13    1.11943e-13
    6000          12     100.035    -14.8024    -903.768     316.326    -587.441    1.88387e-14    1.09629e-13    1.09629e-13
    6100        12.2     100.124     4.60404    -875.858     316.606    -559.251    2.10916e-14    9.01328e-14    9.01328e-14
    6200        12.4     100.081    -8.53813    -886.428     316.471    -569.956    2.70964e-14    8.53848e-14    8.53848e-14
    6300        12.6     99.9097      -14.65    -896.864     315.929    -580.934    2.52246e-14    1.07517e-13    1.07517e-13
    6400        12.8     100.117    -10.3052    -896.087     316.586    -579.501     1.4207e-14    1.18595e-13    1.18595e-13
    6500          13     99.9112      4.7549    -871.152     315.934    -555.217    1.37251e-14      1.288e-13      1.288e-13
    6600        13.2     99.8267   -0.253413    -876.637     315.667     -560.97    7.35176e-15    1.29353e-13    1.29353e-13
    6700        13.4     99.9445    0.470622    -889.812     316.039    -573.773    1.98279e-15    1.24617e-13    1.24617e-13
    6800        13.6     100.097     7.86353    -872.684     316.523    -556.161    5.81479e-15    1.23186e-13    1.23186e-13
    6900        13.8      99.864     3.04448    -879.541     315.785    -563.756    2.07681e-14    1.26052e-13    1.26052e-13
    7000          14     100.016    -2.78894    -891.466     316.265    -575.201    2.15817e-14    1.26625e-13    1.26625e-13
    7100        14.2     99.8996    -4.58118        -884     315.898    -568.103    1.00892e-14    1.37665e-13    1.37665e-13
    7200        14.4     100.005     1.08053    -878.056      316.23    -561.826    1.86982e-14    1.43828e-13    1.43828e-13
    7300        14.6      100.04    -18.0807    -903.713     316.341    -587.372    3.00107e-14      1.266e-13      1.266e-13
    7400        14.8      99.885    -2.91713    -892.837     315.852    -576.985    1.50834e-14    1.17849e-13    1.17849e-13
    7500          15     100.027     2.11085    -878.018     316.301    -561.717    1.71191e-14    1.10541e-13    1.10541e-13
    7600        15.2      100.08    -10.4661    -904.518     316.469    -588.048    1.59569e-14    9.59051e-14    9.59051e-14
    7700        15.4     99.9736     5.95632    -884.756     316.132    -568.624    1.76161e-14    1.08302e-13    1.08302e-13
    7800        15.6     99.8693    -8.65538    -893.901     315.802    -578.099    2.26199e-14    1.14356e-13    1.14356e-13
    7900        15.8     100.015    -13.3999    -896.916     316.262    -580.654    2.48621e-14     9.6801e-14     9.6801e-14
    8000          16     100.104    -11.0635    -898.811     316.544    -582.267    3.70086e-14    1.09645e-13    1.09645e-13
    8100        16.2     100.026   -0.887716    -887.082     316.297    -570.786    1.67913e-14    1.07572e-13    1.07572e-13
    8200        16.4     100.099     13.5268    -861.702     316.529    -545.173    8.56281e-15    1.13761e-13    1.13761e-13
    8300        16.6     100.229      11.685    -867.467     316.938    -550.529   -2.63418e-15    1.08318e-13    1.08318e-13
    8400        16.8     99.8112     14.9241    -868.522     315.618    -552.904    3.21184e-15    1.03852e-13    1.03852e-13
    8500          17     99.9194     4.76402    -889.732      315.96    -573.772   -3.90313e-16    1.00745e-13    1.00745e-13
    8600        17.2     99.8965     7.08792    -881.825     315.888    -565.937   -8.21392e-15    9.55837e-14    9.55837e-14
    8700        17.4     99.9614     14.7899    -875.127     316.093    -559.034   -2.46643e-14    8.29389e-14    8.29389e-14
    8800        17.6     99.9375     14.3677    -872.502     316.017    -556.485   -2.53825e-14    1.01423e-13    1.01423e-13
    8900        17.8     99.7137     3.89851    -876.075      315.31    -560.765   -3.59491e-14    1.07473e-13    1.07473e-13
    9000          18     99.9353     15.9555    -867.067     316.011    -551.056   -3.78118e-14    1.09488e-13    1.09488e-13
    9100        18.2      100.11     9.85496    -857.255     316.562    -540.693   -2.27734e-14     1.0339e-13     1.0339e-13
    9200        18.4     100.052    -9.25855    -885.138      316.38    -568.758   -2.33381e-14    8.56077e-14    8.56077e-14
    9300        18.6     99.8971     6.08201     -868.04      315.89    -552.151   -2.42306e-14    8.37976e-14    8.37976e-14
    9400        18.8     100.122    -3.21898    -885.335       316.6    -568.735   -1.75519e-14    6.64633e-14    6.64633e-14
    9500          19     100.089     4.76852    -877.838     316.495    -561.343   -1.52447e-14    5.58178e-14    5.58178e-14
    9600        19.2     99.9529     3.08727    -886.126     316.066     -570.06   -2.30905e-14    5.54886e-14    5.54886e-14
    9700        19.4     99.8908   -0.275001    -895.564      315.87    -579.694   -2.79186e-14     4.0756e-14     4.0756e-14
    9800        19.6     100.136      9.6551     -880.44     316.645    -563.795   -2.99006e-14    4.71923e-14    4.71923e-14
    9900        19.8     100.072    0.954671    -886.529     316.443    -570.086   -3.30682e-14    4.67256e-14    4.67256e-14
   10000          20     100.053     6.28083    -878.747     316.384    -562.364   -2.68674e-14    3.44568e-14    3.44568e-14
   10100        20.2     99.9621    -4.06995    -896.136     316.095    -580.041   -3.03438e-14    3.18495e-14    3.18495e-14
   10200        20.4      100.26     19.5151    -870.535     317.037    -553.498   -3.10598e-14    2.82769e-14    2.82769e-14
   10300        20.6     100.018     2.99372    -890.689     316.273    -574.416   -1.99459e-14    4.10618e-14    4.10618e-14
   10400        20.8     100.039    0.552142    -893.293     316.339    -576.954   -2.69923e-14    5.00069e-14    5.00069e-14
   10500          21     99.9052     1.59513    -881.388     315.915    -565.473   -2.65829e-14    4.86885e-14    4.86885e-14
   10600        21.2     99.8908     8.34692    -873.083      315.87    -557.213   -1.95633e-14     5.1922e-14     5.1922e-14
   10700        21.4     99.8589    -5.54808    -894.017     315.769    -578.248   -2.62863e-14    5.18565e-14    5.18565e-14
   10800        21.6     100.084     7.98582     -877.34     316.482    -560.857   -1.69934e-14    6.00821e-14    6.00821e-14
   10900        21.8     99.9957    -4.66924    -896.901     316.201      -580.7   -2.12668e-14    6.77904e-14    6.77904e-14
   11000          22     100.126   0.0243722    -887.893     316.614    -571.279   -2.36191e-14     7.3927e-14     7.3927e-14
   11100        22.2     99.9898     6.87776    -874.359     316.183    -558.176   -1.93179e-14      6.143e-14      6.143e-14
   11200        22.4     100.094     7.40104     -868.24     316.512    -551.728   -2.12478e-14    6.20528e-14    6.20528e-14
   11300        22.6     99.9901    -8.88871     -878.04     316.184    -561.856   -6.29878e-15     5.6925e-14     5.6925e-14
   11400        22.8     99.9872    0.427179    -876.682     316.175    -560.507    -8.9399e-15     6.7512e-14     6.7512e-14
   11500          23     100.103    -3.37998    -891.093     316.542    -574.551   -1.02041e-14    9.18224e-14    9.18224e-14
   11600        23.2     99.8717    -4.69919     -900.24     315.809     -584.43   -1.89293e-14    8.93478e-14    8.93478e-14
   11700        23.4     99.9169      1.0433    -892.174     315.952    -576.221   -8.75081e-15    8.39641e-14    8.39641e-14
   11800        23.6     100.145     11.8406    -876.262     316.674    -559.588   -4.85896e-15    8.86032e-14    8.86032e-14
   11900        23.8     99.9966    -2.13371    -890.691     316.204    -574.487    1.44572e-14    7.14225e-14    7.14225e-14
   12000          24      99.858     12.7035    -872.323     315.766    -556.557    3.03672e-14    6.55708e-14    6.55708e-14
   12100        24.2     100.043     5.08936    -882.502     316.352     -566.15     1.6773e-14    7.39001e-14    7.39001e-14
   12200        24.4     99.9843    -8.27027    -891.397     316.165    -575.231    2.78883e-14    7.00967e-14    7.00967e-14
   12300        24.6     100.033    -1.05587     -899.86     316.319     -583.54    1.38483e-14     7.8354e-14     7.8354e-14
   12400        24.8     99.8407     8.10008     -883.86     315.711    -568.149    9.30853e-15    8.27879e-14    8.27879e-14
   12500          25     100.001     3.55806    -895.767      316.22    -579.548    9.35732e-15     8.8869e-14     8.8869e-14
   12600        25.2     99.9613    -9.89088     -906.79     316.093    -590.698    1.51884e-14    7.97543e-14    7.97543e-14
   12700        25.4     100.019    -1.61793    -891.589     316.274    -575.315   -5.48173e-16    8.52573e-14    8.52573e-14
   12800        25.6     99.9132    0.971521    -887.826     315.941    -571.886    2.03136e-15    1.08325e-13    1.08325e-13
   12900        25.8     99.8027     11.7059    -875.671     315.591    -560.079    6.04551e-15     1.1706e-13     1.1706e-13
   13000          26     100.215     -2.0946    -890.917     316.894    -574.023    4.21017e-15     1.2199e-13     1.2199e-13
   13100        26.2     99.8959    -3.85782     -899.06     315.886    -583.174    -2.3731e-15    1.25037e-13    1.25037e-13
   13200        26.4     99.9025   -0.950599    -896.686     315.907    -580.779   -9.35797e-15    1.24033e-13    1.24033e-13
   13300        26.6     99.9356    -3.02905     -890.07     316.011    -574.059   -1.82319e-14    1.20403e-13    1.20403e-13
   13400        26.8     100.044     1.52567    -889.555     316.355      -573.2   -1.25525e-14    1.19877e-13    1.19877e-13
   13500          27     99.9476     7.19152    -880.173     316.049    -564.124   -5.19463e-15    1.29325e-13    1.29325e-13
   13600        27.2     100.049    -11.7227    -888.813     316.371    -572.442   -7.36043e-15    1.37961e-13    1.37961e-13
   13700        27.4     100.039   -0.951517    -873.082     316.339    -556.743    1.63827e-14     1.4176e-13     1.4176e-13
   13800        27.6     99.8818   -0.960362     -877.09     315.841    -561.248    3.08629e-14    1.38136e-13    1.38136e-13
   13900        27.8     99.9725     5.00632    -873.512     316.128    -557.383    2.53868e-14    1.39679e-13    1.39679e-13
   14000          28      99.631     6.89961    -869.387     315.048    -554.338     1.0286e-14    1.42057e-13    1.42057e-13
   14100        28.2     100.113    -4.34696    -884.103     316.572    -567.531   -3.44082e-15    1.29476e-13    1.29476e-13
   14200        28.4     99.7955     12.0665    -857.328     315.568     -541.76   -1.13702e-14    1.25738e-13    1.25738e-13
   14300        28.6     100.118     11.7505    -861.235     316.587    -544.648   -2.52975e-14    1.11429e-13    1.11429e-13
   14400        28.8     99.9999     8.80414    -869.542     316.215    -553.328     -1.557e-14    1.13594e-13    1.13594e-13
   14500          29     100.247     9.82004    -869.688     316.997     -552.69   -2.45403e-14    1.01423e-13    1.01423e-13
   14600        29.2     100.013    -2.65611    -882.218     316.256    -565.962   -4.65704e-14    1.02529e-13    1.02529e-13
   14700        29.4     100.008     8.64216    -872.586      316.24    -556.345   -5.52223e-14    1.09478e-13    1.09478e-13
   14800        29.6     99.9645    -5.75335    -886.408     316.103    -570.305   -6.47945e-14    1.10515e-13    1.10515e-13
   14900        29.8     100.072    -2.27051    -879.309     316.443    -562.866   -7.17378e-14    1.20631e-13    1.20631e-13
   15000          30     99.9557     5.90151    -880.659     316.075    -564.584   -6.81022e-14    1.30814e-13    1.30814e-13
   15100        30.2     99.9039     9.91293    -875.686     315.911    -559.775   -4.66936e-14    1.13671e-13    1.13671e-13
   15200        30.4      99.931    0.810175    -879.552     315.997    -563.555   -4.46891e-14    1.11636e-13    1.11636e-13
   15300        30.6     99.9235       7.177     -881.29     315.973    -565.317   -5.10095e-14    1.26333e-13    1.26333e-13
   15400        30.8     99.9383     2.91219    -881.275      316.02    -565.255   -2.61943e-14    1.03841e-13    1.03841e-13
   15500          31     100.099     1.73071    -883.379     316.528    -566.851   -3.73451e-14    1.18749e-13    1.18749e-13
   15600        31.2     100.163     2.26671    -875.822     316.732     -559.09   -4.56614e-14    1.27993e-13    1.27993e-13
   15700        31.4     100.043      6.2194     -876.97      316.35     -560.62   -5.89979e-14    1.12563e-13    1.12563e-13
   15800        31.6     100.026    -8.52147    -892.285     316.296    -575.989   -6.90576e-14    1.26792e-13    1.26792e-13
   15900        31.8     100.136    -2.87019    -883.284     316.644     -566.64    -7.1151e-14    1.47992e-13    1.47992e-13
   16000          32     99.9202     16.7168    -865.691     315.963    -549.729    -7.7831e-14    1.57345e-13    1.57345e-13
   16100        32.2     100.178     2.37241    -874.404     316.778    -557.626   -8.75862e-14    1.66314e-13    1.66314e-13
   16200        32.4     99.9818     3.80559    -882.858     316.157      -566.7   -8.18286e-14    1.62179e-13    1.62179e-13
   16300        32.6     99.8804     2.33701    -880.292     315.837    -564.455   -9.41053e-14    1.76891e-13    1.76891e-13
   16400        32.8      100.04     22.1988    -855.758     316.343    -539.415   -9.29135e-14     1.9023e-13     1.9023e-13
   16500          33     100.008     8.32521    -882.488     316.241    -566.246   -1.04477e-13    1.80128e-13    1.80128e-13
   16600        33.2     99.8332      7.2718    -891.064     315.687    -575.377   -1.09776e-13    1.68273e-13    1.68273e-13
   16700        33.4      99.825      1.2701    -884.408     315.662    -568.746   -1.07917e-13    1.77729e-13    1.77729e-13
   16800        33.6     99.9174     11.8935    -867.212     315.954    -551.258   -1.03202e-13    1.86533e-13    1.86533e-13
   16900        33.8     99.8906    -6.26483    -885.353     315.869    -569.483    -1.0974e-13    1.77385e-13    1.77385e-13
   17000          34     100.026    -8.25452    -881.219     316.297    -564.922   -1.15323e-13     1.8241e-13     1.8241e-13
   17100        34.2     99.9659    -4.51508    -880.681     316.107    -564.574   -1.11911e-13    1.83469e-13    1.83469e-13
   17200        34.4     99.8276     5.66853    -880.652      315.67    -564.982   -1.04913e-13    1.77193e-13    1.77193e-13
   17300        34.6     100.145    0.728658    -896.256     316.674    -579.582   -8.31973e-14    1.56221e-13    1.56221e-13
   17400        34.8     100.368     12.3437    -872.305      317.38    -554.926   -7.12247e-14    1.65895e-13    1.65895e-13
   17500          35     100.069     7.82744    -869.155     316.433    -552.722   -5.67896e-14    1.71202e-13    1.71202e-13
   17600        35.2     99.9875     2.48534    -884.635     316.176     -568.46   -5.26419e-14    1.66686e-13    1.66686e-13
   17700        35.4     100.152     2.04988    -882.829     316.697    -566.132   -5.19376e-14    1.62582e-13    1.62582e-13
   17800        35.6     100.076    -1.36622    -886.884     316.454     -570.43   -5.92165e-14    1.71744e-13    1.71744e-13
   17900        35.8     100.022     11.7191     -865.19     316.285    -548.905   -4.87453e-14    1.61426e-13    1.61426e-13
   18000          36     99.8466    -8.61507     -885.48      315.73     -569.75   -5.33115e-14     1.5018e-13     1.5018e-13
   18100        36.2     99.8359     12.3932    -866.547     315.696    -550.851   -5.37244e-14    1.47194e-13    1.47194e-13
   18200        36.4     100.171     5.52424    -887.039     316.757    -570.282   -4.73996e-14    1.38955e-13    1.38955e-13
   18300        36.6     100.033      3.6943    -893.037      316.32    -576.717   -5.02341e-14    1.47059e-13    1.47059e-13
   18400        36.8      100.04   -0.851995    -893.422     316.343    -577.079   -4.66259e-14    1.40452e-13    1.40452e-13
   18500          37     99.8649     6.81054    -878.668     315.788     -562.88   -3.04249e-14    1.45859e-13    1.45859e-13
   18600        37.2     99.9787     13.9577    -883.346     316.148    -567.198   -3.74076e-14    1.33117e-13    1.33117e-13
   18700        37.4     100.211     8.85816    -880.394     316.884     -563.51   -2.72378e-14    1.37642e-13    1.37642e-13
   18800        37.6     99.8609     8.65135    -869.588     315.775    -553.813   -2.93524e-14    1.53338e-13    1.53338e-13
   18900        37.8     100.055     15.1643    -858.532     316.388    -542.143   -4.91239e-14    1.63083e-13    1.63083e-13
   19000          38      100.04     3.11234    -875.345      316.34    -559.005   -3.40674e-14    1.66861e-13    1.66861e-13
   19100        38.2     99.8826     6.34086    -870.671     315.844    -554.827   -1.93855e-14    1.69114e-13    1.69114e-13
   19200        38.4     99.9046     4.32876    -873.988     315.913    -558.075   -2.40363e-14     1.6491e-13     1.6491e-13
   19300        38.6     99.9136     29.9877    -846.686     315.942    -530.744   -2.48057e-14    1.58668e-13    1.58668e-13
   19400        38.8     99.9602    -10.2378    -894.976     316.089    -578.887   -2.44492e-14     1.3412e-13     1.3412e-13
   19500          39     100.137    0.118835    -890.785     316.649    -574.136   -3.10871e-14    1.41346e-13    1.41346e-13
   19600        39.2     99.9111    -5.97149    -894.898     315.934    -578.964   -3.69791e-14    1.45536e-13    1.45536e-13
   19700        39.4     99.9813     9.89094    -882.406     316.156     -566.25   -4.43413e-14    1.59269e-13    1.59269e-13
   19800        39.6     99.9277     6.00386    -880.176     315.986     -564.19   -4.04971e-14    1.67574e-13    1.67574e-13
   19900        39.8     100.034     5.75072    -870.623     316.324    -554.299   -5.38666e-14    1.75211e-13    1.75211e-13
   20000          40     99.9114    -10.2711    -885.021     315.935    -569.086    -5.2864e-14    1.66643e-13    1.66643e-13
   20100        40.2      99.963     5.42606    -880.369     316.098    -564.271   -5.37981e-14    1.64376e-13    1.64376e-13
   20200        40.4     99.7547     6.43409    -876.281     315.439    -560.842   -5.94715e-14    1.60526e-13    1.60526e-13
   20300        40.6     100.002     10.0484    -871.077     316.222    -554.855   -3.92473e-14    1.48756e-13    1.48756e-13
   20400        40.8     100.057    -5.64027     -895.24     316.395    -578.845   -4.60812e-14    1.62041e-13    1.62041e-13
   20500          41     100.198      5.6091    -885.863     316.841    -569.022   -3.77406e-14    1.57463e-13    1.57463e-13
   20600        41.2     99.9008     7.50411    -881.794     315.901    -565.892   -3.77701e-14    1.77916e-13    1.77916e-13
   20700        41.4      100.08    0.666433    -889.236     316.467     -572.77   -4.40342e-14    1.90825e-13    1.90825e-13
   20800        41.6      100.08     5.53851    -879.177     316.469    -562.708   -4.45546e-14    1.95604e-13    1.95604e-13
   20900        41.8     100.089   -0.545151    -875.005     316.498    -558.507   -5.52388e-14    1.84175e-13    1.84175e-13
   21000          42     99.9036     1.85294    -878.945      315.91    -563.035   -5.48069e-14    1.71889e-13    1.71889e-13
   21100        42.2     100.025    0.474624    -880.835     316.294     -564.54   -4.14161e-14     1.7749e-13     1.7749e-13
   21200        42.4     100.111     4.37877    -877.229     316.567    -560.662   -6.19851e-14    1.85713e-13    1.85713e-13
   21300        42.6     100.136    -7.44972    -883.834     316.646    -567.188   -5.76717e-14    1.83717e-13    1.83717e-13
   21400        42.8     100.165     4.60222    -866.578     316.737    -549.841   -6.72552e-14    1.98023e-13    1.98023e-13
   21500          43     99.8673    -2.71753    -881.153     315.795    -565.357    -5.2713e-14    1.92686e-13    1.92686e-13
   21600        43.2     100.053     3.64015    -873.194     316.383    -556.811   -5.43016e-14    1.95671e-13    1.95671e-13
   21700        43.4     100.082   -0.985217    -878.662     316.474    -562.187   -5.68677e-14    1.91257e-13    1.91257e-13
   21800        43.6     100.055    0.191956    -875.416     316.388    -559.029   -4.62495e-14    1.91966e-13    1.91966e-13
   21900        43.8     100.083     8.22821    -869.217     316.479    -552.739    -4.7063e-14    1.90608e-13    1.90608e-13
   22000          44     99.8472    -7.75494     -889.46     315.732    -573.728   -4.43916e-14    1.80576e-13    1.80576e-13
   22100        44.2     100.009     22.9479    -861.472     316.243    -545.229   -5.09211e-14    1.75663e-13    1.75663e-13
   22200        44.4     100.099      28.037    -855.336     316.527    -538.809   -4.67144e-14    1.67574e-13    1.67574e-13
   22300        44.6     99.9739    -1.45927    -890.832     316.132      -574.7    -5.5058e-14    1.43121e-13    1.43121e-13
   22400        44.8     99.9109    -16.0648    -899.794     315.933    -583.861   -4.92037e-14    1.39627e-13    1.39627e-13
   22500          45     99.9361     25.4186    -839.421     316.013    -523.408   -4.95476e-14    1.48362e-13    1.48362e-13
   22600        45.2     99.8872    -3.99361    -884.413     315.858    -568.555   -5.68087e-14    1.35074e-13    1.35074e-13
   22700        45.4     100.086     12.7297    -868.066     316.488    -551.578   -6.61199e-14    1.55616e-13    1.55616e-13
   22800        45.6     100.128    -3.14572    -880.215     316.618    -563.597   -6.89258e-14    1.76784e-13    1.76784e-13
   22900        45.8     99.9544     3.71539    -881.792     316.071    -565.721   -6.72639e-14    1.84433e-13    1.84433e-13
   23000          46     100.049     8.93463    -871.271     316.371    -554.899   -7.67927e-14    1.84371e-13    1.84371e-13
   23100        46.2     100.132     2.24186     -883.51     316.634    -566.876   -8.31583e-14    1.78847e-13    1.78847e-13
   23200        46.4     100.125     8.77125    -877.248     316.611    -560.637   -9.14997e-14    1.69784e-13    1.69784e-13
   23300        46.6     100.043     4.58146    -875.316     316.352    -558.964   -9.45919e-14    1.75218e-13    1.75218e-13
   23400        46.8       100.1      12.021    -858.847     316.532    -542.315   -9.62052e-14    1.82807e-13    1.82807e-13
   23500          47     99.8041     -10.754    -889.276     315.596     -573.68    -9.5212e-14    1.86996e-13    1.86996e-13
   23600        47.2     99.9153     7.52353    -869.507     315.947     -553.56   -9.51379e-14    2.02345e-13    2.02345e-13
   23700        47.4     100.045     7.61408    -878.991     316.356    -562.635   -1.00499e-13    1.98823e-13    1.98823e-13
   23800        47.6     99.8867     10.6425    -881.671     315.857    -565.814    -1.1023e-13    1.96746e-13    1.96746e-13
   23900        47.8     99.9736     1.63194    -879.157     316.132    -563.026   -1.02852e-13    1.88058e-13    1.88058e-13
   24000          48     99.8298     10.0694    -862.267     315.677    -546.591   -9.85236e-14    1.86776e-13    1.86776e-13
   24100        48.2     100.025     2.50347    -868.439     316.294    -552.144   -1.04258e-13    1.86616e-13    1.86616e-13
   24200        48.4     100.108     2.43383    -875.015     316.557    -558.458   -1.05974e-13    1.71077e-13    1.71077e-13
   24300        48.6     100.053     -5.0847    -880.261     316.383    -563.878   -1.24002e-13    1.64443e-13    1.64443e-13
   24400        48.8     99.9992     5.47353    -860.934     316.212    -544.722   -1.41744e-13    1.85389e-13    1.85389e-13
   24500          49     100.136    -11.8981    -889.108     316.644    -572.464   -1.26311e-13    1.85989e-13    1.85989e-13
   24600        49.2     100.115     17.9876    -856.385     316.577    -539.808     -1.315e-13    2.12172e-13    2.12172e-13
   24700        49.4     99.8856     4.60909    -878.361     315.853    -562.507   -1.20568e-13    2.16166e-13    2.16166e-13
   24800        49.6     100.211       12.62    -866.253     316.882    -549.371   -1.24869e-13    2.08156e-13    2.08156e-13
   24900        49.8     99.9024    -3.40383    -883.238     315.906    -567.332   -1.13415e-13    2.03985e-13    2.03985e-13
   25000          50     99.9519     2.17675    -872.433     316.063     -556.37    -1.1658e-13    1.88616e-13    1.88616e-13
   25100        50.2     100.081    -1.05613    -880.738      316.47    -564.268    -1.2324e-13    1.99536e-13    1.99536e-13
   25200        50.4     99.8562     2.46603    -876.593      315.76    -560.833   -1.19238e-13    1.95897e-13    1.95897e-13
   25300        50.6     99.9209     13.0938    -870.684     315.965    -554.719   -1.24168e-13    1.92282e-13    1.92282e-13
   25400        50.8     99.9987     14.7789    -874.272     316.211    -558.061   -1.13588e-13     1.8104e-13     1.8104e-13
   25500          51     99.9635      8.3736     -871.58     316.099     -555.48     -1.097e-13    1.93411e-13    1.93411e-13
   25600        51.2     100.135     7.82574    -865.793     316.642    -549.152   -1.09817e-13    1.81577e-13    1.81577e-13
   25700        51.4     99.9912     14.3053    -857.821     316.187    -541.634   -1.08906e-13    1.94744e-13    1.94744e-13
   25800        51.6     99.8637    -0.21601    -884.858     315.784    -569.074   -1.14415e-13    1.87851e-13    1.87851e-13
   25900        51.8     99.7881     14.1719    -867.121     315.545    -551.576   -1.13405e-13    1.89243e-13    1.89243e-13
   26000          52     100.012    -3.13962    -887.369     316.253    -571.116   -1.18761e-13    1.78597e-13    1.78597e-13
   26100        52.2     99.9782    -12.1502    -900.304     316.146    -584.158   -1.14488e-13    1.71524e-13    1.71524e-13
   26200        52.4     100.104    -2.75904    -886.847     316.545    -570.303   -1.14907e-13    1.54081e-13    1.54081e-13
   26300        52.6     100.135     10.9589     -872.31     316.643    -555.668   -9.56561e-14    1.60365e-13    1.60365e-13
   26400        52.8     100.004    -6.00805    -883.379     316.229    -567.151   -1.16323e-13    1.86226e-13    1.86226e-13
   26500          53     100.134    -10.7941    -884.794      316.64    -568.154   -1.07561e-13    1.87048e-13    1.87048e-13
   26600        53.2     100.135     10.3631    -853.541     316.643    -536.898   -1.19408e-13     2.0547e-13     2.0547e-13
   26700        53.4     100.343      4.5227    -878.076     317.299    -560.776   -1.12754e-13    1.85901e-13    1.85901e-13
   26800        53.6     100.043    -5.62009     -890.44      316.35     -574.09   -1.29553e-13    1.75202e-13    1.75202e-13
   26900        53.8     99.9842    0.912166    -878.052     316.165    -561.887   -1.25384e-13    1.81127e-13    1.81127e-13
   27000          54      99.958   -0.238884    -877.837     316.082    -561.755   -1.10908e-13    1.94541e-13    1.94541e-13
   27100        54.2     99.9703     8.34643    -860.558     316.121    -544.437   -9.93511e-14    2.00442e-13    2.00442e-13
   27200        54.4     99.9672    -3.45273      -869.9     316.111    -553.789   -1.01244e-13    2.08079e-13    2.08079e-13
   27300        54.6     100.065    -7.52564    -878.904     316.421    -562.484   -8.62106e-14    1.98905e-13    1.98905e-13
   27400        54.8     100.009     14.6543    -859.352     316.243    -543.109   -8.34588e-14    2.04314e-13    2.04314e-13
   27500          55     100.188     20.2887    -858.506     316.808    -541.698   -9.76007e-14    1.87921e-13    1.87921e-13
   27600        55.2     99.9185     11.6124    -874.487     315.957    -558.529   -9.19789e-14    1.82529e-13    1.82529e-13
   27700        55.4     100.085     11.5328     -867.76     316.483    -551.277    -9.4898e-14    1.98118e-13    1.98118e-13
   27800        55.6     99.9731     -4.1139    -895.496      316.13    -579.366   -9.06497e-14    1.82146e-13    1.82146e-13
   27900        55.8     99.8681     10.9435    -860.938     315.798     -545.14    -8.7254e-14    1.89355e-13    1.89355e-13
   28000          56       99.75    -4.51062    -880.498     315.424    -565.073   -8.84609e-14    1.87969e-13    1.87969e-13
   28100        56.2     100.001    -4.32694    -883.203     316.219    -566.983   -9.14269e-14    1.79808e-13    1.79808e-13
   28200        56.4     99.8888     5.48919    -866.924     315.863    -551.061   -9.92088e-14    1.86413e-13    1.86413e-13
   28300        56.6      99.916     3.54694    -873.184     315.949    -557.235   -9.57411e-14    1.87211e-13    1.87211e-13
   28400        56.8     99.8108    -7.79546    -889.381     315.617    -573.764    -9.3829e-14    1.72554e-13    1.72554e-13
   28500          57     99.8947     5.82068    -878.629     315.882    -562.747    -7.3757e-14    1.69347e-13    1.69347e-13
   28600        57.2     99.9782    -6.02569    -891.633     316.146    -575.487   -6.12392e-14    1.86926e-13    1.86926e-13
   28700        57.4     100.085    -5.05419    -884.799     316.485    -568.314     -6.245e-14    1.87055e-13    1.87055e-13
   28800        57.6     99.8317    0.768787    -884.173     315.683     -568.49   -5.51659e-14    1.73058e-13    1.73058e-13
   28900        57.8     100.077     5.94937     -878.94     316.458    -562.482   -4.77847e-14    1.74486e-13    1.74486e-13
   29000          58     99.8458     12.1324    -875.723     315.727    -559.995    -5.3701e-14    1.49504e-13    1.49504e-13
   29100        58.2     99.9149     7.72098    -886.292     315.946    -570.346   -6.31752e-14    1.55814e-13    1.55814e-13
   29200        58.4     99.8649     5.93893    -886.073     315.788    -570.286   -6.57846e-14    1.50553e-13    1.50553e-13
   29300        58.6     99.8383     17.7947    -863.542     315.704    -547.838   -6.77861e-14    1.73349e-13    1.73349e-13
   29400        58.8     99.8762     1.69224    -886.197     315.824    -570.373   -7.30867e-14    1.69813e-13    1.69813e-13
   29500          59     99.9533     19.2043    -862.916     316.067    -546.849   -7.80435e-14     2.0235e-13     2.0235e-13
   29600        59.2     100.176     -2.0212    -883.736     316.773    -566.963    -5.8453e-14    2.14859e-13    2.14859e-13
   29700        59.4     100.159    -6.08367    -895.147     316.717     -578.43    -6.1548e-14    2.32801e-13    2.32801e-13
   29800        59.6     99.8073     18.8099    -868.642     315.606    -553.036   -7.48221e-14    2.27736e-13    2.27736e-13
   29900        59.8     100.002    -1.03749    -884.918      316.22    -568.697   -6.42016e-14    2.34299e-13    2.34299e-13
   30000          60     100.079   -0.577065    -882.364     316.465    -565.899    -6.4778e-14    2.50771e-13    2.50771e-13
   30100        60.2     99.9327     10.9677    -860.517     316.002    -544.514   -7.07221e-14    2.53728e-13    2.53728e-13
   30200        60.4     100.026    -8.64842    -888.277     316.298    -571.979   -4.84977e-14    2.37947e-13    2.37947e-13
   30300        60.6     99.8439   -0.523261    -881.153     315.721    -565.432   -5.13947e-14    2.41978e-13    2.41978e-13
   30400        60.8     100.189    -4.09998    -881.695     316.812    -564.883   -2.85006e-14    2.36885e-13    2.36885e-13
   30500          61     100.063     3.32781    -871.751     316.414    -555.337    -3.9962e-14    2.43675e-13    2.43675e-13
   30600        61.2     99.8865     2.38329    -877.535     315.856    -561.679   -3.95222e-14    2.52093e-13    2.52093e-13
   30700        61.4       100.1     9.68618     -875.34      316.53     -558.81    -3.3841e-14    2.42364e-13    2.42364e-13
   30800        61.6     99.9728     11.2495    -878.691     316.129    -562.562   -4.56241e-14    2.42015e-13    2.42015e-13
   30900        61.8     99.9425     9.91275    -882.899     316.033    -566.866   -3.30048e-14    2.39718e-13    2.39718e-13
   31000          62     100.223     9.26671    -880.851     316.919    -563.933   -3.19042e-14    2.34581e-13    2.34581e-13
   31100        62.2     100.225     6.62552    -876.781     316.927    -559.854   -2.71168e-14    2.37955e-13    2.37955e-13
   31200        62.4      99.955    -8.88019    -897.656     316.073    -581.584   -2.70907e-14    2.33649e-13    2.33649e-13
   31300        62.6     99.8004     14.7146    -865.886     315.584    -550.303   -3.59036e-14    2.42089e-13    2.42089e-13
   31400        62.8     100.014     13.5289    -856.839     316.258    -540.581   -4.39683e-14    2.35304e-13    2.35304e-13
   31500          63     100.091    0.433412    -867.863     316.504    -551.359   -4.17687e-14    2.49086e-13    2.49086e-13
   31600        63.2     99.7908    -3.77011    -872.132     315.553    -556.579   -3.27021e-14    2.36353e-13    2.36353e-13
   31700        63.4     99.8617     7.24238    -863.001     315.778    -547.223   -5.09063e-14    2.34255e-13    2.34255e-13
   31800        63.6     100.007    -9.78686    -890.036     316.237    -573.799   -4.22665e-14    2.19836e-13    2.19836e-13
   31900        63.8     99.9498    -10.3364    -894.303     316.056    -578.247   -5.11605e-14    2.15146e-13    2.15146e-13
   32000          64     99.7555    -3.69853    -875.863     315.442    -560.421    -5.4845e-14    2.12086e-13    2.12086e-13
   32100        64.2     99.9748     1.17591    -870.875     316.135    -554.739   -6.18108e-14    2.04099e-13    2.04099e-13
   32200        64.4     99.8098     3.90422    -863.058     315.614    -547.445   -7.78683e-14    2.03951e-13    2.03951e-13
   32300        64.6      100.02     1.51329     -857.85     316.277    -541.572   -6.20372e-14    2.04475e-13    2.04475e-13
   32400        64.8     100.139    -7.31056    -875.897     316.654    -559.243   -5.71435e-14    1.90696e-13    1.90696e-13
   32500          65     99.9854     3.71145    -860.313     316.169    -544.144   -5.22776e-14      1.956e-13      1.956e-13
   32600        65.2     99.8878      8.8282    -862.918      315.86    -547.058    -3.8412e-14    2.25295e-13    2.25295e-13
   32700        65.4     99.8738    -1.48371    -884.105     315.816    -568.289   -3.91917e-14    2.27835e-13    2.27835e-13
   32800        65.6     100.023   -0.163314    -886.236     316.288    -569.948   -4.15288e-14    2.37308e-13    2.37308e-13
   32900        65.8     99.7548     7.22859    -868.349      315.44    -552.909     -2.685e-14    2.16239e-13    2.16239e-13
   33000          66      99.831     5.23624    -874.426     315.681    -558.746   -1.80763e-14    1.96278e-13    1.96278e-13
   33100        66.2      99.786    -4.71785    -882.862     315.538    -567.324     -7.154e-15    1.83109e-13    1.83109e-13
   33200        66.4     100.044    -6.65318    -885.417     316.354    -569.062   -9.37011e-15    1.72268e-13    1.72268e-13
   33300        66.6      99.854    -4.09034    -886.606     315.753    -570.852   -8.67188e-15    1.55795e-13    1.55795e-13
   33400        66.8     100.026     2.78794    -887.487     316.296     -571.19    -2.5549e-14    1.44461e-13    1.44461e-13
   33500          67     99.8887     14.5487    -867.104     315.863    -551.241   -3.83166e-14     1.5047e-13     1.5047e-13
   33600        67.2     99.8291    -3.19726    -883.975     315.675      -568.3   -1.42178e-14    1.45492e-13    1.45492e-13
   33700        67.4      99.962     6.06724    -869.546     316.095    -553.451   -1.41987e-15    1.59201e-13    1.59201e-13
   33800        67.6     100.255     7.64706    -868.995     317.021    -551.974    3.67588e-15    1.69284e-13    1.69284e-13
   33900        67.8     100.117     13.2989    -863.844     316.586    -547.258   -9.28077e-16    1.69146e-13    1.69146e-13
   34000          68     99.9484   -0.772046    -882.923     316.052    -566.871    1.08941e-15    1.41675e-13    1.41675e-13
   34100        68.2     100.186     15.8907    -862.127     316.804    -545.323    7.11063e-15    1.59219e-13    1.59219e-13
   34200        68.4     99.8914     1.67342    -874.689     315.872    -558.818   -1.89432e-15    1.46799e-13    1.46799e-13
   34300        68.6     99.9362    -8.14295    -893.541     316.013    -577.527   -3.57917e-15    1.50131e-13    1.50131e-13
   34400        68.8     99.9641     4.40012    -883.271     316.102     -567.17   -2.24647e-15    1.46818e-13    1.46818e-13
   34500          69     99.9976     13.7283    -882.014     316.207    -565.807    7.93636e-15    1.48405e-13    1.48405e-13
   34600        69.2     99.7676    -6.91227     -896.01      315.48     -580.53    2.06501e-14    1.50529e-13    1.50529e-13
   34700        69.4     99.9396     2.82283    -870.905     316.024    -554.881    2.40094e-14    1.47901e-13    1.47901e-13
   34800        69.6     99.8796     7.72924    -862.045     315.834    -546.211    2.40788e-14    1.51079e-13    1.51079e-13
   34900        69.8     99.7891     3.84771    -881.358     315.548     -565.81    2.03388e-14    1.47088e-13    1.47088e-13
   35000          70     99.9244     5.56355    -876.997     315.976     -561.02    2.19221e-14    1.54672e-13    1.54672e-13
   35100        70.2     100.064  -0.0803807    -887.315     316.417    -570.898    2.42016e-14    1.49483e-13    1.49483e-13
   35200        70.4     100.068    -1.85271    -887.491      316.43    -571.061    1.43908e-14    1.43847e-13    1.43847e-13
   35300        70.6     100.016    0.557385    -871.921     316.265    -555.655    1.13035e-14    1.40219e-13    1.40219e-13
   35400        70.8     99.8267    0.864592    -866.263     315.667    -550.596    2.43161e-14    1.53483e-13    1.53483e-13
   35500          71     99.7466     4.09475    -862.727     315.414    -547.313    2.70669e-14    1.58047e-13    1.58047e-13
   35600        71.2     100.037    -1.88342    -870.838     316.332    -554.506    4.12053e-14    1.45575e-13    1.45575e-13
   35700        71.4     99.8075   -0.724452    -871.895     315.606    -556.289    3.77892e-14    1.46892e-13    1.46892e-13
   35800        71.6     99.8711     5.40061      -864.4     315.807    -548.592     3.0051e-14    1.51923e-13    1.51923e-13
   35900        71.8     100.176    -1.18024    -887.118     316.772    -570.346    2.70725e-14    1.34214e-13    1.34214e-13
   36000          72     100.194     4.10871    -882.975     316.829    -566.147    2.80973e-14    1.43297e-13    1.43297e-13
   36100        72.2     99.8281     8.00873    -870.097     315.672    -554.426    1.43696e-14    1.32015e-13    1.32015e-13
   36200        72.4     99.9622     1.71121    -874.985     316.095    -558.889    3.17064e-14    1.13658e-13    1.13658e-13
   36300        72.6     99.8892    -2.94131    -889.556     315.865    -573.691    3.10719e-14    1.09993e-13    1.09993e-13
   36400        72.8     99.8838     7.08972    -868.484     315.848    -552.636    3.91536e-14    1.06426e-13    1.06426e-13
   36500          73     100.038     13.2299    -867.472     316.334    -551.138    5.54101e-14    1.09233e-13    1.09233e-13
   36600        73.2     100.041     7.44361    -875.638     316.345    -559.292    6.70002e-14    1.08071e-13    1.08071e-13
   36700        73.4     99.9522    -2.10087    -897.657     316.064    -581.593    8.09804e-14    1.06923e-13    1.06923e-13
   36800        73.6     100.221     13.8368    -877.661     316.914    -560.747    8.34645e-14    1.05056e-13    1.05056e-13
   36900        73.8     100.179    -5.54509    -904.705     316.782    -587.922    7.48238e-14     1.0068e-13     1.0068e-13
   37000          74     100.058     16.0202    -872.803     316.399    -556.405    6.12409e-14    9.80331e-14    9.80331e-14
   37100        74.2     99.8929    -2.53786    -897.444     315.876    -581.568    6.92961e-14    1.05842e-13    1.05842e-13
   37200        74.4     99.9501     4.00156    -887.271     316.057    -571.213    7.31203e-14    9.14928e-14    9.14928e-14
   37300        74.6     99.9351     8.19563    -891.224      316.01    -575.215    6.51805e-14    9.65165e-14    9.65165e-14
   37400        74.8     100.011      4.7728    -899.889     316.249    -583.639    6.60184e-14    1.01282e-13    1.01282e-13
   37500          75     99.8778     6.53605    -878.502     315.829    -562.673    8.18573e-14     9.9391e-14     9.9391e-14
   37600        75.2     99.9391     16.7748     -867.52     316.023    -551.498    8.64361e-14    8.37845e-14    8.37845e-14
   37700        75.4     100.012    -3.41872    -888.092     316.252     -571.84    7.84182e-14    8.21097e-14    8.21097e-14
   37800        75.6     99.9501    -4.75725    -891.523     316.057    -575.466    8.21045e-14    7.18141e-14    7.18141e-14
   37900        75.8     99.9374    -7.80414     -897.37     316.017    -581.353    7.82603e-14    8.64335e-14    8.64335e-14
   38000          76     100.054    -3.91346    -891.314     316.386    -574.928    7.20127e-14    9.18376e-14    9.18376e-14
   38100        76.2     99.9472     2.76637    -877.752     316.048    -561.704    6.79305e-14    1.05919e-13    1.05919e-13
   38200        76.4     100.071    -4.15772    -875.847     316.439    -559.408    8.43041e-14     9.6337e-14     9.6337e-14
   38300        76.6     100.046     12.5068    -866.179      316.36    -549.819    7.21734e-14    1.09962e-13    1.09962e-13
   38400        76.8     100.168     3.41104    -870.743     316.745    -553.997    7.09198e-14    1.03076e-13    1.03076e-13
   38500          77     99.9589    -8.76356    -872.449     316.085    -556.364    6.86413e-14     1.0806e-13     1.0806e-13
   38600        77.2     99.9382    -1.77144    -872.074      316.02    -556.055     5.6271e-14    1.05512e-13    1.05512e-13
   38700        77.4     100.025     1.46085    -863.747     316.293    -547.454    6.28933e-14    1.32623e-13    1.32623e-13
   38800        77.6     100.058    -0.31584     -881.27       316.4     -564.87    7.04766e-14    1.32862e-13    1.32862e-13
   38900        77.8     100.008     7.06131    -876.437     316.242    -560.195    6.73992e-14    1.15858e-13    1.15858e-13
   39000          78     99.9658     3.50255    -877.382     316.107    -561.275    7.28089e-14    1.12346e-13    1.12346e-13
   39100        78.2     99.9785    -8.24386    -885.099     316.147    -568.952    6.24492e-14    1.29985e-13    1.29985e-13
   39200        78.4     100.022    -2.44682    -872.525     316.286    -556.239    6.18047e-14    1.31263e-13    1.31263e-13
   39300        78.6     99.8103     -10.006    -889.793     315.615    -574.178      5.204e-14    1.26814e-13    1.26814e-13
   39400        78.8     99.9454    -3.45132    -874.639     316.042    -558.597    5.57401e-14    1.23447e-13    1.23447e-13
   39500          79     99.8904     17.4189    -854.392     315.869    -538.524    7.35531e-14     1.2624e-13     1.2624e-13
   39600        79.2     100.144     1.44609    -873.101     316.672    -556.429    8.76712e-14    1.17459e-13    1.17459e-13
   39700        79.4     100.007    -5.31481      -882.8     316.236    -566.564    8.87016e-14    1.03405e-13    1.03405e-13
   39800        79.6     99.8384    -3.04496    -880.316     315.704    -564.612    8.43466e-14    1.02306e-13    1.02306e-13
   39900        79.8     99.9887     -10.682    -878.766     316.179    -562.587    7.99612e-14    8.91127e-14    8.91127e-14
   40000          80     99.9789     8.35521    -863.708     316.148     -547.56    8.19388e-14    8.63554e-14    8.63554e-14
   40100        80.2     100.026     9.36925    -867.761     316.296    -551.465    7.05278e-14    9.12881e-14    9.12881e-14
   40200        80.4     99.9958    -7.11288    -892.959     316.202    -576.757    7.30232e-14    1.02562e-13    1.02562e-13
   40300        80.6     99.9449    -1.27853      -875.5     316.041     -559.46    7.63209e-14    1.19539e-13    1.19539e-13
   40400        80.8     99.8717    -3.63773    -879.015     315.809    -563.206    6.71234e-14    1.14804e-13    1.14804e-13
   40500          81     100.033     9.68488     -864.64      316.32     -548.32    5.98536e-14    1.07626e-13    1.07626e-13
   40600        81.2     100.024     14.2902    -858.726      316.29    -542.436    5.99642e-14    1.01107e-13    1.01107e-13
   40700        81.4      99.867    -6.59241    -883.856     315.794    -568.062    5.48233e-14    7.91459e-14    7.91459e-14
   40800        81.6     99.8497     1.26976    -878.282      315.74    -562.542    4.94708e-14    7.93272e-14    7.93272e-14
   40900        81.8     99.8857    -11.8711    -901.238     315.854    -585.385    5.57705e-14    8.16378e-14    8.16378e-14
   41000          82     100.092     22.0596     -850.38     316.507    -533.873    5.04301e-14    8.44012e-14    8.44012e-14
   41100        82.2     99.9398     3.00254    -866.418     316.025    -550.393    6.43374e-14    6.48483e-14    6.48483e-14
   41200        82.4       99.97    -0.11937    -882.924      316.12    -566.804     7.2586e-14    6.25507e-14    6.25507e-14
   41300        82.6     99.8971    -4.45383    -879.501      315.89    -563.611    7.70226e-14    7.00742e-14    7.00742e-14
   41400        82.8     100.129    -9.47387    -886.798     316.622    -570.176    6.73767e-14    8.41896e-14    8.41896e-14
   41500          83     100.059      13.453    -865.389     316.402    -548.987    5.83713e-14    9.75105e-14    9.75105e-14
   41600        83.2     100.026     10.9423    -876.489     316.298    -560.191    5.37495e-14    9.15114e-14    9.15114e-14
   41700        83.4     100.252    -5.10936    -894.079     317.012    -577.067     3.5973e-14    9.48894e-14    9.48894e-14
   41800        83.6     100.069     6.19184    -879.985     316.433    -563.552    5.14779e-14    1.13122e-13    1.13122e-13
   41900        83.8     100.005     1.87315     -881.76     316.232    -565.528    6.34748e-14    1.00854e-13    1.00854e-13
   42000          84     99.7694     1.36379    -872.776     315.486     -557.29     5.8095e-14    9.62234e-14    9.62234e-14
   42100        84.2     100.022    -1.80883    -879.043     316.284    -562.759    7.24438e-14    1.23317e-13    1.23317e-13
   42200        84.4     99.9381     8.41623    -863.739     316.019     -547.72     7.0899e-14    1.43033e-13    1.43033e-13
   42300        84.6     100.033     -4.0151    -885.083      316.32    -568.763    6.29618e-14    1.42854e-13    1.42854e-13
   42400        84.8     100.159    -3.15077    -882.564     316.718    -565.845    5.48259e-14    1.44175e-13    1.44175e-13
   42500          85     99.8635     3.70523    -864.846     315.783    -549.063    5.33185e-14    1.53728e-13    1.53728e-13
   42600        85.2     100.068     8.13229    -866.419      316.43    -549.989    5.38701e-14    1.58078e-13    1.58078e-13
   42700        85.4     99.9337     4.47806    -874.853     316.005    -558.848    4.73389e-14    1.58483e-13    1.58483e-13
   42800        85.6     99.9221     6.71791    -880.457     315.969    -564.488    4.15189e-14     1.6193e-13     1.6193e-13
   42900        85.8     100.214     6.93307     -867.47     316.892    -550.578    3.07575e-14    1.62089e-13    1.62089e-13
   43000          86     100.034    -5.43574    -879.971     316.323    -563.648    1.47079e-14    1.50289e-13    1.50289e-13
   43100        86.2     100.001    -2.12578    -878.891     316.219    -562.672     1.8212e-14    1.65098e-13    1.65098e-13
   43200        86.4     100.079     -5.7166    -888.991     316.463    -572.528    3.28678e-14    1.51028e-13    1.51028e-13
   43300        86.6     99.8886   -0.822723    -880.155     315.863    -564.292    2.98338e-14    1.41892e-13    1.41892e-13
   43400        86.8     99.9794    -12.5749     -896.82      316.15     -580.67    3.62288e-14    1.51427e-13    1.51427e-13
   43500          87     100.006    -2.88637    -893.073     316.234    -576.839     4.5801e-14    1.39384e-13    1.39384e-13
   43600        87.2      99.876     11.7785    -873.032     315.823    -557.209     5.2563e-14    1.44406e-13    1.44406e-13
   43700        87.4     99.8653     2.19499    -881.463     315.789    -565.674    5.05325e-14    1.48966e-13    1.48966e-13
   43800        87.6     100.037     3.81337    -879.025     316.332    -562.693    2.05127e-14    1.56531e-13    1.56531e-13
   43900        87.8     99.9765    -9.07659    -895.549     316.141    -579.408    1.99406e-14     1.6002e-13     1.6002e-13
   44000          88     100.074    -1.75859    -887.418     316.448    -570.971    1.36384e-14    1.67132e-13    1.67132e-13
   44100        88.2     99.8723 -0.00155618    -872.817     315.811    -557.005    1.50244e-14    1.76189e-13    1.76189e-13
   44200        88.4     100.035    0.525311    -866.569     316.326    -550.243     2.4673e-14    1.79297e-13    1.79297e-13
   44300        88.6      100.08    -7.24618    -877.812     316.469    -561.343    1.29063e-14    1.60373e-13    1.60373e-13
   44400        88.8     100.023    -4.88888    -875.748     316.286    -559.461    4.06619e-15    1.62164e-13    1.62164e-13
   44500          89     100.055     5.82248    -864.796      316.39    -548.406    1.76534e-14    1.76196e-13    1.76196e-13
   44600        89.2     99.7576     2.45074    -875.605     315.449    -560.157    9.00061e-15    1.69782e-13    1.69782e-13
   44700        89.4     99.9876     6.88365    -873.092     316.176    -556.916   -2.64545e-16     1.7052e-13     1.7052e-13
   44800        89.6     100.081    -1.34955    -883.598     316.471    -567.127    1.25785e-14    1.53897e-13    1.53897e-13
   44900        89.8       100.1    -12.2289    -898.904      316.53    -582.374    1.31943e-14    1.48208e-13    1.48208e-13
   45000          90     100.094     9.39635    -876.534     316.514     -560.02    1.24293e-14    1.55868e-13    1.55868e-13
   45100        90.2     99.9422      2.8145    -880.319     316.032    -564.287    2.56668e-14    1.36648e-13    1.36648e-13
   45200        90.4     100.123    -5.99568     -892.04     316.603    -575.437    2.05426e-14    1.26567e-13    1.26567e-13
   45300        90.6     99.9418    -6.93528    -902.667     316.031    -586.636    1.80446e-14    1.22924e-13    1.22924e-13
   45400        90.8     100.159     1.70732    -890.377     316.719    -573.658    1.26496e-14    1.26166e-13    1.26166e-13
   45500          91     99.7999    -7.53943    -892.541     315.582    -576.959     8.7751e-15    1.07045e-13    1.07045e-13
   45600        91.2     100.132     10.2899    -866.099     316.631    -549.468    1.62197e-14     1.1568e-13     1.1568e-13
   45700        91.4     99.8594    -6.09187    -882.384      315.77    -566.614    2.07777e-14    1.22953e-13    1.22953e-13
   45800        91.6     99.9688     0.22777    -873.519     316.116    -557.403    1.83655e-14    1.21726e-13    1.21726e-13
   45900        91.8     100.007    -4.36324    -881.077     316.238    -564.839    1.03121e-14    1.18724e-13    1.18724e-13
   46000          92     99.9088    -9.71368    -881.795     315.927    -565.868    9.01883e-15    1.24629e-13    1.24629e-13
   46100        92.2     99.9116     2.57699     -875.55     315.935    -559.614    -7.3665e-15    1.35422e-13    1.35422e-13
   46200        92.4     99.9522    -3.78741    -882.701     316.064    -566.637   -4.34418e-15    1.39434e-13    1.39434e-13
   46300        92.6     99.7842    -5.31924    -891.372     315.533     -575.84   -1.56056e-14    1.38549e-13    1.38549e-13
   46400        92.8     100.092     6.83551    -871.883     316.506    -555.377   -1.35534e-14    1.45468e-13    1.45468e-13
   46500          93     99.9189     11.7207    -867.961     315.958    -552.003   -1.64816e-14    1.46822e-13    1.46822e-13
   46600        93.2     99.9749     5.32501    -882.893     316.136    -566.758   -1.98964e-14     1.6352e-13     1.6352e-13
   46700        93.4     100.058     4.36641    -886.899     316.398    -570.501   -2.63357e-14    1.59394e-13    1.59394e-13
   46800        93.6     100.133     3.25495    -889.027     316.635    -572.392   -1.44346e-14    1.53261e-13    1.53261e-13
   46900        93.8     99.8461     11.6894     -884.56     315.728    -568.831   -2.70704e-14    1.55591e-13    1.55591e-13
   47000          94      99.902    0.798418    -883.797     315.905    -567.892   -3.33683e-14    1.54434e-13    1.54434e-13
   47100        94.2     100.131    -1.93798    -892.267     316.629    -575.639   -4.04173e-14    1.53311e-13    1.53311e-13
   47200        94.4      100.06     11.6927    -873.952     316.406    -557.546   -2.48308e-14    1.70305e-13    1.70305e-13
   47300        94.6     100.138    -1.55445    -877.513     316.652    -560.861   -2.23328e-14    1.76473e-13    1.76473e-13
   47400        94.8     99.9018     18.0955    -856.071     315.904    -540.166   -2.14806e-14       1.75e-13       1.75e-13
   47500          95      99.969     20.0626    -855.319     316.117    -539.202   -3.09024e-14    1.83221e-13    1.83221e-13
   47600        95.2     100.062    -5.02449     -884.51     316.411    -568.099   -2.51153e-14    1.53186e-13    1.53186e-13
   47700        95.4     100.082    -3.62595    -890.343     316.473     -573.87   -2.71554e-14    1.59878e-13    1.59878e-13
   47800        95.6     99.9874     4.04102    -888.792     316.175    -572.617   -3.47994e-14    1.56859e-13    1.56859e-13
   47900        95.8     99.8702     14.2243    -868.994     315.805    -553.189   -4.92453e-14    1.57827e-13    1.57827e-13
   48000          96     99.9777     17.2434    -869.918     316.144    -553.774   -4.63583e-14    1.61544e-13    1.61544e-13
   48100        96.2     99.8691   -0.726555    -884.991     315.801     -569.19   -3.77059e-14    1.74884e-13    1.74884e-13
   48200        96.4     99.8472    -2.42617    -882.441     315.732    -566.709   -4.08961e-14    1.82744e-13    1.82744e-13
   48300        96.6      99.986    -12.9584    -888.786     316.171    -572.616   -6.33217e-14    1.79255e-13    1.79255e-13
   48400        96.8     99.8655  -0.0493632    -876.515      315.79    -560.725   -4.51739e-14    1.88237e-13    1.88237e-13
   48500          97     99.8536      5.9092    -862.654     315.752    -546.902   -3.69002e-14    2.03353e-13    2.03353e-13
   48600        97.2     99.9399    0.556869    -872.993     316.025    -556.968   -2.65586e-14    1.90449e-13    1.90449e-13
   48700        97.4      100.14    -1.55322    -881.532     316.657    -564.875   -3.24185e-14    1.73615e-13    1.73615e-13
   48800        97.6     100.103    -2.82194    -882.735     316.539    -566.195   -2.66063e-14    1.74966e-13    1.74966e-13
   48900        97.8     99.8135     7.91939    -870.313     315.625    -554.688   -1.62734e-14     1.6614e-13     1.6614e-13
   49000          98      100.03    0.358634    -887.963     316.311    -571.652   -1.91687e-14    1.75776e-13    1.75776e-13
   49100        98.2     99.9647    -1.70528     -887.73     316.103    -571.626    -5.8291e-15    1.71229e-13    1.71229e-13
   49200        98.4     99.9982    -2.54568    -890.331     316.209    -574.121    -9.6468e-15      1.704e-13      1.704e-13
   49300        98.6     100.105     10.3916    -865.251     316.547    -548.704   -1.86058e-14    1.87722e-13    1.87722e-13
   49400        98.8     99.7539    -4.85167    -881.491     315.437    -566.054   -1.95937e-14    1.83092e-13    1.83092e-13
   49500          99     100.045     2.95412    -869.716     316.357    -553.359   -1.57626e-14    1.95749e-13    1.95749e-13
   49600        99.2     100.138    -2.26171    -876.529     316.653    -559.876   -2.10673e-14    1.78031e-13    1.78031e-13
   49700        99.4     100.063    -3.39165     -883.29     316.415    -566.875    -3.1781e-14    1.79716e-13    1.79716e-13
   49800        99.6      99.958     7.93004    -880.323     316.082    -564.241   -3.29793e-14    1.66182e-13    1.66182e-13
   49900        99.8     100.071     -13.037    -905.073     316.439    -588.633   -3.41619e-14    1.43373e-13    1.43373e-13
   50000         100     100.097    -6.45294    -897.136     316.521    -580.615   -2.59211e-14    1.36387e-13    1.36387e-13
